>MA0028.2 ELK1
A [ 45807 1217 359 0 4 45807 45807 3016 916 13274 ]
C [ 2750 45807 45807 21 41 233 333 2361 6309 6673 ]
G [ 12959 1478 59 45807 45807 62 60 45807 1123 17273 ]
T [ 5718 236 21 26 713 25 2165 294 45807 8587 ]

>MA0099.3 FOS::JUN
A [ 592 3 7 820 78 5 30 992 24 277 ]
C [ 111 5 1 131 180 2 963 2 313 397 ]
G [ 257 2 824 4 688 2 3 2 95 164 ]
T [ 40 990 168 45 54 991 4 4 568 162 ]

>MA0484.1 HNF4G
A [ 3514 3259 4696 1103 1944 1511 0 9343 7889 8464 99 324 225 159 6785 ]
C [ 1864 1531 102 201 713 2870 8827 55 82 0 6 143 4338 8377 794 ]
G [ 2011 3830 3811 7480 3301 2279 221 54 1481 938 9098 3624 1107 85 556 ]
T [ 2063 832 843 668 3494 2792 404 0 0 50 249 5361 3782 831 1317 ]

>MA0148.4 FOXA1
A [ 134110 115096 23286 11061 297679 294900 312906 7396 308904 42299 82540 88104 ]
C [ 53261 16071 5935 13932 14648 13410 2452 272943 3674 23038 60571 64037 ]
G [ 64510 53682 281612 6092 5243 3774 3652 4805 3226 27283 94376 70936 ]
T [ 70922 137954 11970 291718 5233 10719 3793 37659 6999 230183 85316 99726 ]

>MA1104.1 GATA6
A [ 5342 6098 5177 16088 210 18250 327 17543 17864 952 12541 6323 6957 ]
C [ 3899 2976 5000 229 102 122 139 186 79 1788 1873 3098 3369 ]
G [ 4256 4600 5168 221 18286 154 262 205 345 15490 3554 4465 3798 ]
T [ 5153 4976 3305 2112 52 124 17922 716 362 420 682 4764 4526 ]

>MA1619.1 PTF1A
A [ 1869 1978 4346 49 7119 34 224 26 27 535 1221 1602 ]
C [ 1803 2430 1070 7149 41 307 6697 66 27 1312 1632 1977 ]
G [ 1974 1629 1308 28 65 6689 299 40 7150 1065 2426 1803 ]
T [ 1607 1216 529 27 28 223 33 7121 49 4341 1974 1871 ]
